1FB | 1 | 3A
156 | 6 | 0 7C 0 0 7 20
1EB | 2 | 0 2C

1A6 | 8 | 6 0 C0 25 95 0 0 88
1A4 | 8 | 0 64 0 0 0 0 0 1E
1EB | 2 | 0 3B

156 | 6 | 0 7C 0 0 7 3F
13C | 8 | 2 9 0 FD 0 40 4 18
91 | 8 | 80 65 88 1 FA 0 0 1

1FB | 1 | D
158 | 8 | 0 0 0 0 0 0 0 19
156 | 6 | 0 7C 0 0 7 2
18E | 3 | 8 0 72
295 | 4 | 0 0 0 17
1D0 | 8 | 0 0 0 0 0 0 0 A
156 | 6 | 0 7C 0 0 7 11
13C | 8 | 2 9 0 FD 0 40 4 36
191 | 8 | 1 0 0 A9 A9 1 7F 3C
1FB | 1 | 1C
1EB | 2 | 0 3B
156 | 6 | 0 7C 0 0 7 20
1EB | 2 | 0 E
1DC | 4 | 42 0 0 8
1A4 | 8 | 0 64 0 0 0 0 0 3C
1D0 | 8 | 0 0 0 0 0 0 0 A
156 | 6 | 0 7C 0 0 7 3F
13C | 8 | 2 9 0 FD 0 40 4 18
91 | 8 | 80 65 88 1 FB 0 0 0
1FB | 1 | 2B
13C | 8 | 2 9 0 FD 0 40 4 9
156 | 6 | 0 7C 0 0 7 2
17C | 8 | 0 0 0 0 30 0 0 2F
294 | 8 | 0 0 0 1 B3 3D 0 28
1EB | 2 | 0 1D
156 | 6 | 0 7C 0 0 7 11
13C | 8 | 2 9 0 FD 0 40 4 36
91 | 8 | 80 65 88 1 FB 0 0 2E
1FB | 1 | 3A
158 | 8 | 0 0 0 0 0 0 0 37
156 | 6 | 0 7C 0 0 7 20
17C | 8 | 0 0 0 0 30 0 0 1
309 | 8 | 0 0 0 0 0 0 0 C0
367 | 8 | 9E 2E 1E E5 2C 7E FF E
156 | 6 | 0 7C 0 0 7 3F
17C | 8 | 0 0 0 0 30 0 0 10
91 | 8 | 80 65 88 1 FB 0 0 0
305 | 7 | 80 D4 0 0 0 0 34
156 | 6 | 0 7C 0 0 7 2
17C | 8 | 0 0 0 0 30 0 0 2F
221 | 3 | 0 0 B8
1EB | 2 | 0 2C
156 | 6 | 0 7C 0 0 7 11
13C | 8 | 2 9 0 FD 0 40 4 36
17C | 8 | 0 0 0 0 30 0 0 3E
91 | 8 | 80 65 88 1 FB 0 0 2E
1FB | 1 | 1C
156 | 6 | 0 7C 0 0 7 20
13C | 8 | 2 9 0 FD 0 40 4 9
1A6 | 8 | 6 0 C0 25 96 0 0 A5
1D0 | 8 | 0 0 0 0 0 0 0 A
156 | 6 | 0 7C 0 0 7 3F
13C | 8 | 2 9 0 FD 0 40 4 18
91 | 8 | 80 65 88 1 FA 0 0 1
1FB | 1 | 2B
158 | 8 | 0 0 0 0 0 0 0 37
156 | 6 | 0 7C 0 0 7 2
18E | 3 | 8 0 72
294 | 8 | 0 0 0 1 B3 3D 0 A
1D0 | 8 | 0 0 0 0 0 0 0 A
156 | 6 | 0 7C 0 0 7 11
13C | 8 | 2 9 0 FD 0 40 4 36
91 | 8 | 80 65 88 1 FA 0 0 2F
1FB | 1 | 3A
1EB | 2 | 0 1D
156 | 6 | 0 7C 0 0 7 20
13C | 8 | 2 9 0 FD 0 40 4 9
1A6 | 8 | 6 0 C0 25 96 0 0 87
1D0 | 8 | 0 0 0 0 0 0 0 A
156 | 6 | 0 7C 0 0 7 3F
13C | 8 | 2 9 0 FD 0 40 4 18
91 | 8 | 80 65 88 1 FA 0 0 1
1FB | 1 | D
1EB | 2 | 0 2C
156 | 6 | 0 7C 0 0 7 2
13C | 8 | 2 9 0 FD 0 40 4 27
324 | 8 | 50 4F 0 0 0 0 E BE
1D0 | 8 | 0 0 0 0 0 0 0 A
156 | 6 | 0 7C 0 0 7 11
13C | 8 | 2 9 0 FD 0 40 4 36
91 | 8 | 80 65 88 1 FA 0 0 2F
1FB | 1 | 1C
305 | 7 | 80 D4 0 0 0 0 7
156 | 6 | 0 7C 0 0 7 20
17C | 8 | 0 0 0 0 30 0 0 1
1A4 | 8 | 0 65 0 0 0 0 0 3B
1EB | 2 | 0 3B
156 | 6 | 0 7C 0 0 7 3F
13C | 8 | 2 9 0 FD 0 40 4 18
91 | 8 | 80 65 88 1 FA 0 0 1
1FB | 1 | 2B
158 | 8 | 0 0 0 0 0 0 0 19
156 | 6 | 0 7C 0 0 7 2
17C | 8 | 0 0 0 0 30 0 0 2F
294 | 8 | 0 0 0 1 B3 3D 0 28
1EB | 2 | 0 1D
156 | 6 | 0 7C 0 0 7 11
13C | 8 | 2 9 0 FD 0 40 4 36
91 | 8 | 80 65 88 1 FB 0 0 2E
1FB | 1 | 3A
158 | 8 | 0 0 0 0 0 0 0 37
156 | 6 | 0 7C 0 0 7 20
17C | 8 | 0 0 0 0 30 0 0 1
1A4 | 8 | 0 64 0 0 0 0 0 1E
1EB | 2 | 0 2C
156 | 6 | 0 7C 0 0 7 3F
13C | 8 | 2 9 0 FD 0 40 4 18
91 | 8 | 80 65 88 1 FB 0 0 0
1FB | 1 | D
158 | 8 | 0 0 0 0 0 0 0 19
156 | 6 | 0 7C 0 0 7 2
158 | 8 | 0 0 0 0 0 0 0 28
221 | 3 | 0 0 B8
1EB | 2 | 0 3B
156 | 6 | 0 7C 0 0 7 11
13C | 8 | 2 9 0 FD 0 40 4 36
158 | 8 | 0 0 0 0 0 0 0 37
91 | 8 | 80 65 88 1 FB 0 0 2E
1FB | 1 | 1C
156 | 6 | 0 7C 0 0 7 20
13C | 8 | 2 9 0 FD 0 40 4 9
320 | 8 | 0 0 0 0 0 0 0 3
1AA | 8 | 7F FF 0 0 0 0 0 3C
441 | 8 | 7 FF FF FF FF FF FF 4 ???
13C | 8 | 2 9 0 FD 0 40 4 18
91 | 8 | 80 65 88 1 FA 0 0 1
1FB | 1 | 2B
305 | 7 | 80 D4 0 0 0 0 16
1EB | 2 | 0 1D
191 | 8 | 1 0 0 A9 A9 1 7F 2D
1A6 | 8 | 6 0 C0 25 95 0 0 B5
17C | 8 | 0 0 0 0 30 0 0 3E
156 | 6 | 0 7C 0 0 7 11
158 | 8 | 0 0 0 0 0 0 0 37
91 | 8 | 80 65 88 1 FA 0 0 2F
1FB | 1 | 3A
156 | 6 | 0 7C 0 0 7 20
35E | 3 | 0 8 28
1ED | 3 | 1 FF 2B
1A4 | 8 | 0 64 0 0 0 0 0 1E
1EA | 8 | 0 0 0 0 0 0 0 1E
156 | 6 | 0 7C 0 0 7 3F
13C | 8 | 2 9 0 FD 0 40 4 18
91 | 8 | 80 65 88 1 FA 0 0 1
1FB | 1 | D
13C | 8 | 2 9 0 FD 0 40 4 36
156 | 6 | 0 7C 0 0 7 2
191 | 8 | 1 0 0 A9 A9 1 7F 2D
91 | 8 | 80 65 88 1 FA 0 0 10
1EB | 2 | 0 3B
156 | 6 | 0 7C 0 0 7 11
13C | 8 | 2 9 0 FD 0 40 4 36
91 | 8 | 80 65 88 1 FA 0 0 2F
1FB | 1 | 1C
156 | 6 | 0 7C 0 0 7 20
1EB | 2 | 0 E
191 | 8 | 1 0 0 A9 A9 1 7F F
1A6 | 8 | 6 0 C0 25 95 0 0 A6
255 | 8 | 0 0 0 0 55 55 93 C3
156 | 6 | 0 7C 0 0 7 3F
158 | 8 | 0 0 0 0 0 0 0 19
91 | 8 | 80 65 88 1 FA 0 0 1
1FB | 1 | 2B
156 | 6 | 0 7C 0 0 7 2
1EB | 2 | 0 1D
191 | 8 | 1 0 0 A9 A9 1 7F 2D
1A6 | 8 | 6 0 C0 25 95 0 0 B5
309 | 8 | 0 0 0 0 0 0 0 FD
156 | 6 | 0 7C 0 0 7 11
158 | 8 | 0 0 0 0 0 0 0 37
91 | 8 | 80 65 88 1 FA 0 0 2F
158 | 8 | 0 0 0 0 0 0 0 37
305 | 7 | 80 D4 0 0 0 0 25
158 | 8 | 0 0 0 0 0 0 0 A
1A4 | 8 | 0 65 0 0 0 0 0 1D
156 | 6 | 0 7C 0 0 7 20
156 | 6 | 0 7C 0 0 7 3F
13C | 8 | 2 9 0 FD 0 40 4 18
91 | 8 | 80 65 88 1 FA 0 0 1
1FB | 1 | D
158 | 8 | 0 0 0 0 0 0 0 19
156 | 6 | 0 7C 0 0 7 2
191 | 8 | 1 0 0 A9 A9 1 7F 2D
91 | 8 | 80 65 88 1 FA 0 0 10
1EB | 2 | 0 3B
156 | 6 | 0 7C 0 0 7 11
13C | 8 | 2 9 0 FD 0 40 4 36
91 | 8 | 80 65 88 1 FA 0 0 2F
1FB | 1 | 1C
156 | 6 | 0 7C 0 0 7 20
1EB | 2 | 0 E
191 | 8 | 1 0 0 A9 A9 1 7F F
1A6 | 8 | 6 0 C0 25 95 0 0 A6
255 | 8 | 0 0 0 0 55 55 95 C1
156 | 6 | 0 7C 0 0 7 3F
17C | 8 | 0 0 0 0 30 0 0 10
91 | 8 | 80 65 88 1 FA 0 0 1
158 | 8 | 0 0 0 0 0 0 0 37
156 | 6 | 0 7C 0 0 7 2
158 | 8 | 0 0 0 0 0 0 0 28
221 | 3 | 0 0 8B
1EB | 2 | 0 1D
156 | 6 | 0 7C 0 0 7 11
13C | 8 | 2 9 0 FD 0 40 4 36
158 | 8 | 0 0 0 0 0 0 0 37
91 | 8 | 80 65 88 1 FA 0 0 2F
17C | 8 | 0 0 0 0 30 0 0 3E
156 | 6 | 0 7C 0 0 7 20
17C | 8 | 0 0 0 0 30 0 0 1
309 | 8 | 0 0 0 0 0 0 0 C0
255 | 8 | 0 0 0 0 55 55 96 C0
156 | 6 | 0 7C 0 0 7 3F
158 | 8 | 0 0 0 0 0 0 0 19
91 | 8 | 80 65 88 1 FA 0 0 1
1FB | 1 | D
305 | 7 | 80 D4 0 0 0 0 34
1EB | 2 | 0 3B
1ED | 3 | 1 FF 3A
294 | 8 | 0 0 0 1 B3 3D 0 19
1D0 | 8 | 0 0 0 0 0 0 0 A
156 | 6 | 0 7C 0 0 7 11
13C | 8 | 2 9 0 FD 0 40 4 36
91 | 8 | 80 65 88 1 FB 0 0 2E
1FB | 1 | 1C
1EB | 2 | 0 2C
156 | 6 | 0 7C 0 0 7 20
13C | 8 | 2 9 0 FD 0 40 4 9
1A6 | 8 | 6 0 C0 25 95 0 0 A6
1EA | 8 | 0 0 0 0 0 0 0 3C
156 | 6 | 0 7C 0 0 7 3F
13C | 8 | 2 9 0 FD 0 40 4 18
91 | 8 | 80 65 88 1 FB 0 0 0
1FB | 1 | 2B
1EB | 2 | 0 E
156 | 6 | 0 7C 0 0 7 2
13C | 8 | 2 B 0 FD 0 40 4 25
1A6 | 8 | 6 0 C0 25 95 0 0 B5
1EA | 8 | 0 0 0 0 0 0 0 F
156 | 6 | 0 7C 0 0 7 11
13C | 8 | 2 9 0 FD 0 40 4 36
91 | 8 | 80 65 88 1 FB 0 0 2E
1FB | 1 | 3A
1EB | 2 | 0 1D
156 | 6 | 0 7C 0 0 7 20
13C | 8 | 2 B 0 FD 0 40 4 7
1A6 | 8 | 6 0 C0 25 95 0 0 88
39 | 3 | 0 0 39
156 | 6 | 0 7C 0 0 7 3F
13C | 8 | 2 9 0 FD 0 40 4 18
91 | 8 | 80 65 88 1 FB 0 0 0
1FB | 1 | D
1EB | 2 | 0 2C
156 | 6 | 0 7C 0 0 7 2
13C | 8 | 2 9 0 FD 0 40 4 27
1ED | 3 | 1 FF 3A
1AA | 8 | 7F FF 0 0 0 0 0 2D
441 | 8 | 7 FF FF FF FF FF FF 13
156 | 6 | 0 7C 0 0 7 11
1EB | 2 | 0 3B
91 | 8 | 80 65 88 1 FA 0 0 2F
1FB | 1 | 1C
305 | 7 | 80 D4 0 0 0 0 7
1EB | 2 | 0 E
1DC | 4 | 42 0 0 8
1A6 | 8 | 6 0 C0 25 95 0 0 A6
1D0 | 8 | 0 0 0 0 0 0 0 A
156 | 6 | 0 7C 0 0 7 3F
13C | 8 | 2 9 0 FD 0 40 4 18
91 | 8 | 80 65 88 1 FB 0 0 0
1FB | 1 | 2B
19B | 5 | 0 0 0 0 21
156 | 6 | 0 7C 0 0 7 2
13C | 8 | 2 9 0 FD 0 40 4 27
1A6 | 8 | 6 0 C0 25 95 0 0 B5
158 | 8 | 0 0 0 0 0 0 0 28
156 | 6 | 0 7C 0 0 7 11
13C | 8 | 2 9 0 FD 0 40 4 36
91 | 8 | 80 65 88 1 FB 0 0 2E
1FB | 1 | 3A
156 | 6 | 0 7C 0 0 7 20
13C | 8 | 2 9 0 FD 0 40 4 9
1DC | 4 | 42 0 0 26
19B | 5 | 0 0 0 0 30
1EB | 2 | 0 1D
156 | 6 | 0 7C 0 0 7 3F
13C | 8 | 2 9 0 FD 0 40 4 18
91 | 8 | 80 65 88 1 FA 0 0 1
1FB | 1 | D
1EB | 2 | 0 2C
156 | 6 | 0 7C 0 0 7 2
13C | 8 | 2 9 0 FD 0 40 4 27
1DC | 4 | 42 0 0 35
1AA | 8 | 7F FF 0 0 0 0 0 2D
158 | 8 | 0 0 0 0 0 0 0 28
156 | 6 | 0 7C 0 0 7 11
18E | 3 | 8 0 45
91 | 8 | 80 65 88 1 FA 0 0 2F
1FB | 1 | 1C
156 | 6 | 0 7C 0 0 7 20
13C | 8 | 2 9 0 FD 0 40 4 9
18E | 3 | 8 0 54
91 | 8 | 80 65 88 1 FA 0 0 3E
1EA | 8 | 0 0 0 0 0 0 0 3C
156 | 6 | 0 7C 0 0 7 3F
13C | 8 | 2 9 0 FD 0 40 4 18
91 | 8 | 80 65 88 1 FA 0 0 1
1FB | 1 | 2B
305 | 7 | 80 D4 0 0 0 0 16
13C | 8 | 2 9 0 FD 0 40 4 27
1A6 | 8 | 6 0 C0 25 95 0 0 B5
1AA | 8 | 7F FF 0 0 0 0 0 F
156 | 6 | 0 7C 0 0 7 11
13C | 8 | 2 9 0 FD 0 40 4 36
91 | 8 | 80 65 88 1 FA 0 0 2F
1FB | 1 | 3A
1EB | 2 | 0 3B
156 | 6 | 0 7C 0 0 7 20
13C | 8 | 2 9 0 FD 0 40 4 9
1A6 | 8 | 6 0 C0 25 95 0 0 88
1D0 | 8 | 0 0 0 0 0 0 0 A
156 | 6 | 0 7C 0 0 7 3F
13C | 8 | 2 9 0 FD 0 40 4 18
91 | 8 | 80 65 88 1 FA 0 0 1
1FB | 1 | D
158 | 8 | 0 0 0 0 0 0 0 A
156 | 6 | 0 7C 0 0 7 2
17C | 8 | 0 0 0 0 30 0 0 2F
1A6 | 8 | 6 0 C0 25 95 0 0 97
13C | 8 | 2 9 0 FD 0 40 4 27
156 | 6 | 0 7C 0 0 7 11
17C | 8 | 0 0 0 0 30 0 0 3E
91 | 8 | 80 65 88 1 FA 0 0 2F
1FB | 1 | 1C
156 | 6 | 0 7C 0 0 7 20
13C | 8 | 2 9 0 FD 0 40 4 9
1A6 | 8 | 6 0 C0 25 95 0 0 A6
1AA | 8 | 7F FF 0 0 0 0 0 3C
1EB | 2 | 0 E
13C | 8 | 2 9 0 FD 0 40 4 18
18E | 3 | 8 0 63
91 | 8 | 80 65 88 1 FA 0 0 1
1FB | 1 | 2B
156 | 6 | 0 7C 0 0 7 2
13C | 8 | 2 9 0 FD 0 40 4 27
191 | 8 | 1 0 0 A9 A9 1 7F 2D
1A4 | 8 | 0 65 0 0 0 0 0 E
428 | 7 | 2 1 0 0 6D DD 37
13C | 8 | 2 9 0 FD 0 40 4 36
91 | 8 | 80 65 88 1 FA 0 0 2F
1FB | 1 | 3A
1EB | 2 | 0 3B
305 | 7 | 80 D4 0 0 0 0 25
13C | 8 | 2 9 0 FD 0 40 4 9
1A6 | 8 | 6 0 C0 25 95 0 0 88
1D0 | 8 | 0 0 0 0 0 0 0 A
1EB | 2 | 0 2C
13C | 8 | 2 9 0 FD 0 40 4 18
191 | 8 | 1 0 0 A9 A9 1 7F 1E
19B | 5 | 0 0 0 0 3
156 | 6 | 0 7C 0 0 7 20
156 | 6 | 0 7C 0 0 7 2
158 | 8 | 0 0 0 0 0 0 0 28
1A6 | 8 | 6 0 C0 25 95 0 0 97
295 | 4 | 0 0 0 17
1EB | 2 | 0 3B
13C | 8 | 2 9 0 FD 0 40 4 36
191 | 8 | 1 0 0 A9 A9 1 7F 3C
19B | 5 | 0 0 0 0 21
13C | 8 | 2 9 0 FD 0 40 4 27
156 | 6 | 0 7C 0 0 7 20
18E | 3 | 8 0 54
1A4 | 8 | 0 64 0 0 0 0 0 3C
1EA | 8 | 0 0 0 0 0 0 0 3C
1EB | 2 | 0 E
13C | 8 | 2 9 0 FD 0 40 4 18
191 | 8 | 1 0 0 A9 A9 1 7F 1E
1FB | 1 | 2B
13C | 8 | 2 9 0 FD 0 40 4 9
156 | 6 | 0 7C 0 0 7 2
158 | 8 | 0 0 0 0 0 0 0 28
1A6 | 8 | 6 0 C0 25 95 0 0 B5
1EA | 8 | 0 0 0 0 0 0 0 F
1EB | 2 | 0 1D
13C | 8 | 2 9 0 FD 0 40 4 36
91 | 8 | 80 65 88 1 FB 0 0 2E
1FB | 1 | 3A
13C | 8 | 2 9 0 FD 0 40 4 27
156 | 6 | 0 7C 0 0 7 20
17C | 8 | 0 0 0 0 30 0 0 1
403 | 5 | 0 0 0 0 2F
367 | 8 | 87 2E 1E E3 2C 7E FF 8
1EB | 2 | 0 2C
13C | 8 | 2 9 0 FD 0 40 4 18
91 | 8 | 80 65 88 1 FA 0 0 1
1FB | 1 | D
13C | 8 | 2 9 0 FD 0 40 4 9
305 | 7 | 80 D4 0 0 0 0 34
17C | 8 | 0 0 0 0 30 0 0 2F
91 | 8 | 80 65 88 1 FA 0 0 10
156 | 6 | 0 7C 0 0 7 2
1EB | 2 | 0 3B
17C | 8 | 0 0 0 0 30 0 0 3E
91 | 8 | 80 65 88 1 FA 0 0 2F
1FB | 1 | 1C
156 | 6 | 0 7C 0 0 7 11
156 | 6 | 0 7C 0 0 7 20
17C | 8 | 0 0 0 0 30 0 0 1
1A4 | 8 | 0 64 0 0 0 0 0 3C
3D9 | 3 | 0 80 16
1EB | 2 | 0 E
13C | 8 | 2 9 0 FD 0 40 4 18
191 | 8 | 1 0 0 A9 A9 1 7F 1E
19B | 5 | 0 0 0 0 3
13C | 8 | 2 9 0 FD 0 40 4 9
156 | 6 | 0 7C 0 0 7 2
18E | 3 | 8 0 72
294 | 8 | 0 0 0 1 B3 3D 0 A
1D0 | 8 | 0 0 0 0 0 0 0 A
1EB | 2 | 0 1D
13C | 8 | 2 9 0 FD 0 40 4 36
191 | 8 | 1 0 0 A9 A9 1 7F 3C
19B | 5 | 0 0 0 0 21
13C | 8 | 2 9 0 FD 0 40 4 27
156 | 6 | 0 7C 0 0 7 20
18E | 3 | 8 0 54
1A4 | 8 | 0 65 0 0 0 0 0 1D
1EA | 8 | 0 0 0 0 0 0 0 1E
1EB | 2 | 0 2C
13C | 8 | 2 9 0 FD 0 40 4 18
191 | 8 | 1 0 0 A9 A9 1 7F 1E
1FB | 1 | D
13C | 8 | 2 9 0 FD 0 40 4 9
156 | 6 | 0 7C 0 0 7 2
13C | 8 | 2 9 0 FD 0 40 4 27
1A6 | 8 | 6 0 C0 25 95 0 0 97
295 | 4 | 0 0 0 17
1EB | 2 | 0 3B
13C | 8 | 2 9 0 FD 0 40 4 36
191 | 8 | 1 0 0 A9 A9 1 7F 3C
19B | 5 | 0 0 0 0 21
158 | 8 | 0 0 0 0 0 0 0 28
305 | 7 | 80 D4 0 0 0 0 7
17C | 8 | 0 0 0 0 30 0 0 1
1A4 | 8 | 0 65 0 0 0 0 0 3B
156 | 6 | 0 7C 0 0 7 20
1EB | 2 | 0 E
158 | 8 | 0 0 0 0 0 0 0 19
91 | 8 | 80 65 88 1 FA 0 0 1
1FB | 1 | 2B
156 | 6 | 0 7C 0 0 7 3F
156 | 6 | 0 7C 0 0 7 2
13C | 8 | 2 9 0 FD 0 40 4 27
1A6 | 8 | 6 0 C0 25 95 0 0 B5
158 | 8 | 0 0 0 0 0 0 0 28
1EB | 2 | 0 1D
13C | 8 | 2 9 0 FD 0 40 4 36
91 | 8 | 80 65 88 1 FA 0 0 2F
1FB | 1 | 3A
156 | 6 | 0 7C 0 0 7 11
156 | 6 | 0 7C 0 0 7 20
158 | 8 | 0 0 0 0 0 0 0 A
1A6 | 8 | 6 0 C0 25 95 0 0 88
39 | 3 | 0 0 39
1EB | 2 | 0 2C
13C | 8 | 2 B 0 FD 0 40 4 16
17C | 8 | 0 0 0 0 30 0 0 10
91 | 8 | 80 65 88 1 FA 0 0 1
13C | 8 | 2 9 0 FD 0 40 4 9
156 | 6 | 0 7C 0 0 7 2
191 | 8 | 1 0 0 A9 A9 1 7F 2D
1A4 | 8 | 0 65 0 0 0 0 0 2C
1EB | 2 | 0 3B
156 | 6 | 0 7C 0 0 7 11
13C | 8 | 2 9 0 FD 0 40 4 36
91 | 8 | 80 65 88 1 FA 0 0 2F
1FB | 1 | 1C
156 | 6 | 0 7C 0 0 7 20
13C | 8 | 2 9 0 FD 0 40 4 9
191 | 8 | 1 0 0 A9 A9 1 7F F
91 | 8 | 80 65 88 1 FA 0 0 3E
405 | 8 | 0 0 0 0 20 0 0 D
13C | 8 | 2 9 0 FD 0 40 4 18
91 | 8 | 80 65 88 1 FB 0 0 0
1FB | 1 | 2B
13C | 8 | 2 9 0 FD 0 40 4 27
305 | 7 | 80 D4 0 0 0 0 16
17C | 8 | 0 0 0 0 30 0 0 2F
294 | 8 | 0 0 0 1 B3 3D 0 A
156 | 6 | 0 7C 0 0 7 2
1EB | 2 | 0 1D
13C | 8 | 2 9 0 FD 0 40 4 36
91 | 8 | 80 65 88 1 FB 0 0 2E
1FB | 1 | 3A
156 | 6 | 0 7C 0 0 7 11
156 | 6 | 0 7C 0 0 7 20
158 | 8 | 0 0 0 0 0 0 0 A
1A6 | 8 | 6 0 C0 25 95 0 0 88
39 | 3 | 0 0 1B
1EB | 2 | 0 2C
13C | 8 | 2 9 0 FD 0 40 4 18
18E | 3 | 8 0 63
91 | 8 | 80 65 88 1 FA 0 0 1
1FB | 1 | D
156 | 6 | 0 7C 0 0 7 2
13C | 8 | 2 9 0 FD 0 40 4 27
191 | 8 | 1 0 0 A9 A9 1 7F 2D
91 | 8 | 80 65 88 1 FB 0 0 1F
1EB | 2 | 0 3B
13C | 8 | 2 9 0 FD 0 40 4 36
158 | 8 | 0 0 0 0 0 0 0 37
91 | 8 | 80 65 88 1 FB 0 0 2E
13C | 8 | 2 9 0 FD 0 40 4 9
156 | 6 | 0 7C 0 0 7 20
18E | 3 | 8 0 54
1A4 | 8 | 0 65 0 0 0 0 0 3B
1D0 | 8 | 0 0 0 0 0 0 0 A
1EB | 2 | 0 E
13C | 8 | 2 9 0 FD 0 40 4 18
191 | 8 | 1 0 0 A9 A9 1 7F 1E
19B | 5 | 0 0 0 0 3
13C | 8 | 2 9 0 FD 0 40 4 9
156 | 6 | 0 7C 0 0 7 2
17C | 8 | 0 0 0 0 30 0 0 2F
40C | 8 | A2 46 38 39 45 41 31 36
441 | 8 | 7 FF FF FF FF FF FF 31
156 | 6 | 0 7C 0 0 7 11
13C | 8 | 2 9 0 FD 0 40 4 27
91 | 8 | 80 65 88 1 FB 0 0 2E
305 | 7 | 80 D4 0 0 0 0 25
13C | 8 | 2 9 0 FD 0 40 4 9
1ED | 3 | 1 FF 2B
1AA | 8 | 7F FF 0 0 0 0 0 1E
1EB | 2 | 0 2C
156 | 6 | 0 7C 0 0 7 3F
13C | 8 | 2 9 0 FD 0 40 4 18
91 | 8 | 80 65 88 1 FB 0 0 0
1FB | 1 | D
19B | 5 | 0 0 0 0 21
156 | 6 | 0 7C 0 0 7 2
158 | 8 | 0 0 0 0 0 0 0 28
1A6 | 8 | 6 0 C0 25 96 0 0 96
1EA | 8 | 0 0 0 0 0 0 0 2D
1EB | 2 | 0 3B
13C | 8 | 2 9 0 FD 0 40 4 36
91 | 8 | 80 65 88 1 FB 0 0 2E
1FB | 1 | 1C
13C | 8 | 2 9 0 FD 0 40 4 27
156 | 6 | 0 7C 0 0 7 20
18E | 3 | 8 0 54
1A4 | 8 | 0 65 0 0 0 0 0 3B
1EA | 8 | 0 0 0 0 0 0 0 3C
1EB | 2 | 0 E
13C | 8 | 2 9 0 FD 0 40 4 18
191 | 8 | 1 0 0 A9 A9 1 7F 1E
19B | 5 | 0 0 0 0 3
13C | 8 | 2 9 0 FD 0 40 4 9
156 | 6 | 0 7C 0 0 7 2
18E | 3 | 8 0 72
294 | 8 | 0 0 0 1 B3 3D 0 A
1D0 | 8 | 0 0 0 0 0 0 0 A
1EB | 2 | 0 1D
13C | 8 | 2 9 0 FD 0 40 4 36
191 | 8 | 1 0 0 A9 A9 1 7F 3C
19B | 5 | 0 0 0 0 21
13C | 8 | 2 9 0 FD 0 40 4 27
156 | 6 | 0 7C 0 0 7 20
18E | 3 | 8 0 54
309 | 8 | 0 0 0 0 0 0 0 C0
1D0 | 8 | 0 0 0 0 0 0 0 A
1EB | 2 | 0 2C
13C | 8 | 2 9 0 FD 0 40 4 18
191 | 8 | 1 0 0 A9 A9 1 7F 1E
19B | 5 | 0 0 0 0 3
13C | 8 | 2 9 0 FD 0 40 4 9
305 | 7 | 80 D4 0 0 0 0 34
18E | 3 | 8 0 72
294 | 8 | 0 0 0 1 B3 3D 0 19
1D0 | 8 | 0 0 0 0 0 0 0 A
1EB | 2 | 0 3B
13C | 8 | 2 9 0 FD 0 40 4 36
91 | 8 | 80 65 88 1 FB 0 0 2E
1FB | 1 | 1C
156 | 6 | 0 7C 0 0 7 2
156 | 6 | 0 7C 0 0 7 20
13C | 8 | 2 9 0 FD 0 40 4 9
1A6 | 8 | 6 0 C0 25 95 0 0 A6
1EA | 8 | 0 0 0 0 0 0 0 3C
1EB | 2 | 0 E
13C | 8 | 2 9 0 FD 0 40 4 18
91 | 8 | 80 65 88 1 FB 0 0 0
1FB | 1 | 2B
158 | 8 | 0 0 0 0 0 0 0 A
156 | 6 | 0 7C 0 0 7 2
158 | 8 | 0 0 0 0 0 0 0 28
1A6 | 8 | 6 0 C0 25 95 0 0 B5
1EA | 8 | 0 0 0 0 0 0 0 F
1EB | 2 | 0 1D
13C | 8 | 2 9 0 FD 0 40 4 36
91 | 8 | 80 65 88 1 FB 0 0 2E
1FB | 1 | 3A
13C | 8 | 2 9 0 FD 0 40 4 27
156 | 6 | 0 7C 0 0 7 20
17C | 8 | 0 0 0 0 30 0 0 1
1A4 | 8 | 0 65 0 0 0 0 0 1D
13C | 8 | 2 9 0 FD 0 40 4 9
1EB | 2 | 0 2C
158 | 8 | 0 0 0 0 0 0 0 19
91 | 8 | 80 65 88 1 FB 0 0 0
1FB | 1 | D
156 | 6 | 0 7C 0 0 7 3F
156 | 6 | 0 7C 0 0 7 2
158 | 8 | 0 0 0 0 0 0 0 28
1A6 | 8 | 6 0 C0 25 95 0 0 97
295 | 4 | 0 0 0 35
1EB | 2 | 0 3B
13C | 8 | 2 9 0 FD 0 40 4 36
191 | 8 | 1 0 0 A9 A9 1 7F 3C
19B | 5 | 0 0 0 0 21
13C | 8 | 2 9 0 FD 0 40 4 27
305 | 7 | 80 D4 0 0 0 0 7
18E | 3 | 8 0 54
1A4 | 8 | 0 65 0 0 0 0 0 3B
1EA | 8 | 0 0 0 0 0 0 0 3C
1EB | 2 | 0 E
13C | 8 | 2 9 0 FD 0 40 4 18
555 | 5 | 0 0 0 0 9
1FB | 1 | 2B
156 | 6 | 0 7C 0 0 7 20
156 | 6 | 0 7C 0 0 7 2
13C | 8 | 2 9 0 FD 0 40 4 27
1ED | 3 | 1 FF 1C
19B | 5 | 0 0 0 0 12
158 | 8 | 0 0 0 0 0 0 0 28
1EB | 2 | 0 1D
13C | 8 | 2 9 0 FD 0 40 4 36
91 | 8 | 80 65 88 1 FA 0 0 2F
1FB | 1 | 3A
156 | 6 | 0 7C 0 0 7 11
156 | 6 | 0 7C 0 0 7 20
158 | 8 | 0 0 0 0 0 0 0 A
1A6 | 8 | 6 0 C0 25 95 0 0 88
39 | 3 | 0 0 1B
1EB | 2 | 0 2C
13C | 8 | 2 9 0 FD 0 40 4 18
17C | 8 | 0 0 0 0 30 0 0 10
91 | 8 | 80 65 88 1 FA 0 0 1
13C | 8 | 2 9 0 FD 0 40 4 9
156 | 6 | 0 7C 0 0 7 2
191 | 8 | 1 0 0 A9 A9 1 7F 2D
294 | 8 | 0 0 0 1 B3 3D 0 19
1EB | 2 | 0 3B
156 | 6 | 0 7C 0 0 7 11
13C | 8 | 2 9 0 FD 0 40 4 36
91 | 8 | 80 65 88 1 FB 0 0 2E
1FB | 1 | 1C
156 | 6 | 0 7C 0 0 7 20
13C | 8 | 2 9 0 FD 0 40 4 9
191 | 8 | 1 0 0 A9 A9 1 7F F
1A4 | 8 | 0 65 0 0 0 0 0 3B
374 | 7 | 3C 60 0 2C 0 0 25
13C | 8 | 2 9 0 FD 0 40 4 18
91 | 8 | 80 65 88 1 FB 0 0 0
1FB | 1 | 2B
13C | 8 | 2 9 0 FD 0 40 4 27
305 | 7 | 80 D4 0 0 0 0 16
158 | 8 | 0 0 0 0 0 0 0 28
1A6 | 8 | 6 0 C0 25 95 0 0 B5
295 | 4 | 0 0 0 26
156 | 6 | 0 7C 0 0 7 11
13C | 8 | 2 9 0 FD 0 40 4 36
91 | 8 | 80 65 88 1 FB 0 0 2E
1FB | 1 | 3A
156 | 6 | 0 7C 0 0 7 20
13C | 8 | 2 9 0 FD 0 40 4 9
191 | 8 | 1 0 0 A9 A9 1 7F F
1A4 | 8 | 0 64 0 0 0 0 0 1E
1EB | 2 | 0 2C
156 | 6 | 0 7C 0 0 7 2
13C | 8 | 2 9 0 FD 0 40 4 18
91 | 8 | 80 65 88 1 FA 0 0 1
1FB | 1 | D
158 | 8 | 0 0 0 0 0 0 0 19
156 | 6 | 0 7C 0 0 7 2
1DC | 4 | 42 0 0 35
91 | 8 | 80 65 88 1 FA 0 0 10
295 | 4 | 0 0 0 35
156 | 6 | 0 7C 0 0 7 11
13C | 8 | 2 9 0 FD 0 40 4 36
91 | 8 | 80 65 88 1 FA 0 0 2F
1FB | 1 | 1C
13C | 8 | 2 9 0 FD 0 40 4 27
156 | 6 | 0 7C 0 0 7 20
191 | 8 | 1 0 0 A9 A9 1 7F F
91 | 8 | 80 65 88 1 FA 0 0 3E
1EB | 2 | 0 E
13C | 8 | 2 9 0 FD 0 40 4 9
13C | 8 | 2 9 0 FD 0 40 4 18
91 | 8 | 80 65 88 1 FA 0 0 1
1FB | 1 | 2B
156 | 6 | 0 7C 0 0 7 2
13C | 8 | 2 9 0 FD 0 40 4 27
1DC | 4 | 42 0 0 17
19B | 5 | 0 0 0 0 12
367 | 8 | 92 2E 1E E2 2C 7E FF 3A
1EB | 2 | 0 1D
17C | 8 | 0 0 0 0 30 0 0 3E
91 | 8 | 80 65 88 1 FA 0 0 2F
1FB | 1 | 3A
305 | 7 | 80 D4 0 0 0 0 25
13C | 8 | 2 9 0 FD 0 40 4 9
1DC | 4 | 42 0 0 26
91 | 8 | 80 65 88 1 FA 0 0 3E
1EB | 2 | 0 2C
156 | 6 | 0 7C 0 0 7 3F
13C | 8 | 2 9 0 FD 0 40 4 18
91 | 8 | 80 65 88 1 FA 0 0 1
1FB | 1 | D
158 | 8 | 0 0 0 0 0 0 0 19
156 | 6 | 0 7C 0 0 7 2
191 | 8 | 1 0 0 A9 A9 1 7F 2D
294 | 8 | 0 0 0 1 B3 3D 0 19
1EB | 2 | 0 3B
156 | 6 | 0 7C 0 0 7 11
13C | 8 | 2 9 0 FD 0 40 4 36
91 | 8 | 80 65 88 1 FA 0 0 2F
1FB | 1 | 1C
13C | 8 | 2 9 0 FD 0 40 4 27
156 | 6 | 0 7C 0 0 7 20
1DC | 4 | 42 0 0 8
1A4 | 8 | 0 65 0 0 0 0 0 3B
255 | 8 | 0 0 0 0 55 55 B3 A3
156 | 6 | 0 7C 0 0 7 3F
17C | 8 | 0 0 0 0 30 0 0 10
91 | 8 | 80 65 88 1 FA 0 0 1
1FB | 1 | 2B
156 | 6 | 0 7C 0 0 7 2
13C | 8 | 2 9 0 FD 0 40 4 27
1ED | 3 | 1 FF 1C
1A4 | 8 | 0 65 0 0 0 0 0 E
1EB | 2 | 0 1D
156 | 6 | 0 7C 0 0 7 11
13C | 8 | 2 9 0 FD 0 40 4 36
91 | 8 | 80 65 88 1 FA 0 0 2F
1FB | 1 | 3A
13C | 8 | 2 9 0 FD 0 40 4 9
156 | 6 | 0 7C 0 0 7 20
191 | 8 | 1 0 0 A9 A9 1 7F F
91 | 8 | 80 65 88 1 FA 0 0 3E
374 | 7 | 3C 60 0 2C 0 0 7
156 | 6 | 0 7C 0 0 7 3F
191 | 8 | 1 0 0 A9 A9 1 7F 1E
91 | 8 | 80 65 88 1 FA 0 0 1
305 | 7 | 80 D4 0 0 0 0 34
13C | 8 | 2 9 0 FD 0 40 4 27
191 | 8 | 1 0 0 A9 A9 1 7F 2D
91 | 8 | 80 65 88 1 FA 0 0 10
1EB | 2 | 0 3B
13C | 8 | 2 9 0 FD 0 40 4 36
17C | 8 | 0 0 0 0 30 0 0 3E
91 | 8 | 80 65 88 1 FA 0 0 2F
1FB | 1 | 1C
156 | 6 | 0 7C 0 0 7 20
13C | 8 | 2 9 0 FD 0 40 4 9
1A6 | 8 | 6 0 C0 25 96 0 0 A5
1D0 | 8 | 0 0 0 0 0 0 0 A
1EB | 2 | 0 E
13C | 8 | 2 9 0 FD 0 40 4 18
191 | 8 | 1 0 0 A9 A9 1 7F 1E
19B | 5 | 0 0 0 0 3
1FB | 1 | 2B
156 | 6 | 0 7C 0 0 7 2
13C | 8 | 2 9 0 FD 0 40 4 27
1A6 | 8 | 6 0 C0 25 96 0 0 B4
1AA | 8 | 7F FF 0 0 0 0 0 F
1EB | 2 | 0 1D
13C | 8 | 2 9 0 FD 0 40 4 36
191 | 8 | 1 0 0 A9 A9 1 7F 3C
91 | 8 | 80 65 88 1 FA 0 0 2F
156 | 6 | 0 7C 0 0 7 20
13C | 8 | 2 9 0 FD 0 40 4 9
1DC | 4 | 42 0 0 26
91 | 8 | 80 65 88 1 FA 0 0 3E
1EB | 2 | 0 2C
156 | 6 | 0 7C 0 0 7 3F
13C | 8 | 2 9 0 FD 0 40 4 18
91 | 8 | 80 65 88 1 FA 0 0 1
1FB | 1 | D
13C | 8 | 2 9 0 FD 0 40 4 9
156 | 6 | 0 7C 0 0 7 2
191 | 8 | 1 0 0 A9 A9 1 7F 2D
40F | 8 | B4 31 88 38 2E BA 73 17
454 | 8 | 58 E1 2 42 89 0 80 1D
13C | 8 | 2 9 0 FD 0 40 4 36
91 | 8 | 80 65 88 1 FB 0 0 2E
1FB | 1 | 1C
13C | 8 | 2 9 0 FD 0 40 4 27
305 | 7 | 80 D4 0 0 0 0 7
191 | 8 | 1 0 0 A9 A9 1 7F F
91 | 8 | 80 65 88 1 FB 0 0 3D
1EB | 2 | 0 E
156 | 6 | 0 7C 0 0 7 20
13C | 8 | 2 9 0 FD 0 40 4 18
91 | 8 | 80 65 88 1 FB 0 0 0
1FB | 1 | 2B
156 | 6 | 0 7C 0 0 7 2
13C | 8 | 2 9 0 FD 0 40 4 27
191 | 8 | 1 0 0 A9 A9 1 7F 2D
91 | 8 | 80 65 88 1 FB 0 0 1F
1EB | 2 | 0 1D
13C | 8 | 2 9 0 FD 0 40 4 36
17C | 8 | 0 0 0 0 30 0 0 3E
91 | 8 | 80 65 88 1 FB 0 0 2E
1FB | 1 | 3A
156 | 6 | 0 7C 0 0 7 20
13C | 8 | 2 9 0 FD 0 40 4 9
1A6 | 8 | 6 0 C0 25 95 0 0 88
1B0 | 7 | 0 F 0 0 0 1 57
1EB | 2 | 0 2C
13C | 8 | 2 9 0 FD 0 40 4 18
191 | 8 | 1 0 0 A9 A9 1 7F 1E
91 | 8 | 80 65 88 1 FB 0 0 0
156 | 6 | 0 7C 0 0 7 2
13C | 8 | 2 9 0 FD 0 40 4 27
191 | 8 | 1 0 0 A9 A9 1 7F 2D
91 | 8 | 80 65 88 1 FB 0 0 1F
1EB | 2 | 0 3B
13C | 8 | 2 B 0 FD 0 40 4^X 34
17C | 8 | 0 0 0 0 30 0 0 3E
91 | 8 | 80 65 88 1 FB 0 0 2E
158 | 8 | 0 0 0 0 0 0 0 19
156 | 6 | 0 7C 0 0 7 20
18E | 3 | 8 0 54
309 | 8 | 0 0 0 0 0 0 0 EE
1D0 | 8 | 0 0 0 0 0 0 0 A
1EB | 2 | 0 E
13C | 8 | 2 9 0 FD 0 40 4 18
191 | 8 | 1 0 0 A9 A9 1 7F 1E
91 | 8 | 80 65 88 1 FA 0 0 1
305 | 7 | 80 D4 0 0 0 0 16
13C | 8 | 2 9 0 FD 0 40 4 27
1ED | 3 | 1 FF 1C
1A4 | 8 | 0 65 0 0 0 0 0 E
1EB | 2 | 0 1D
156 | 6 | 0 7C 0 0 7 11
13C | 8 | 2 9 0 FD 0 40 4 36
91 | 8 | 80 65 88 1 FA 0 0 2F
1FB | 1 | 3A
13C | 8 | 2 9 0 FD 0 40 4 9
156 | 6 | 0 7C 0 0 7 20
191 | 8 | 1 0 0 A9 A9 1 7F F
1A4 | 8 | 0 65 0 0 0 0 0 1D
1EB | 2 | 0 2C
156 | 6 | 0 7C 0 0 7 3F
13C | 8 | 2 9 0 FD 0 40 4 18
91 | 8 | 80 65 88 1 FA 0 0 1
1FB | 1 | D
13C | 8 | 2 9 0 FD 0 40 4 9
156 | 6 | 0 7C 0 0 7 2
191 | 8 | 1 0 0 A9 A9 1 7F 2D
91 | 8 | 80 65 88 1 FA 0 0 10
1EB | 2 | 0 3B
13C | 8 | 2 9 0 FD 0 40 4 27
13C | 8 | 2 9 0 FD 0 40 4 36
91 | 8 | 80 65 88 1 FA 0 0 2F
1FB | 1 | 1C
156 | 6 | 0 7C 0 0 7 20
13C | 8 | 2 9 0 FD 0 40 4 9
1A6 | 8 | 6 0 C0 25 95 0 0 A6
1AA | 8 | 7F FF 0 0 0 0 0 3C
1EB | 2 | 0 E
13C | 8 | 2 9 0 FD 0 40 4 18
18E | 3 | 8 0 63
91 | 8 | 80 65 88 1 FA 0 0 1
1FB | 1 | 2B
156 | 6 | 0 7C 0 0 7 2
13C | 8 | 2 B 0 FD 0 40 4 25
191 | 8 | 1 0 0 A9 A9 1 7F 2D
19B | 5 | 0 0 0 0 12
3A1 | 2 | 0 28
156 | 6 | 0 7C 0 0 7 11
13C | 8 | 2 9 0 FD 0 40 4 36
91 | 8 | 80 65 88 1 FA 0 0 2F
1FB | 1 | 3A
305 | 7 | 80 D4 0 0 0 0 25
13C | 8 | 2 9 0 FD 0 40 4 9
191 | 8 | 1 0 0 A9 A9 1 7F F
91 | 8 | 80 65 88 1 FB 0 0 3D
1EB | 2 | 0 2C
13C | 8 | 2 9 0 FD 0 40 4 18
158 | 8 | 0 0 0 0 0 0 0 19
91 | 8 | 80 65 88 1 FA 0 0 1
1FB | 1 | D
156 | 6 | 0 7C 0 0 7 2
13C | 8 | 2 9 0 FD 0 40 4 27
1A6 | 8 | 6 0 C0 25 95 0 0 97
1AA | 8 | 7F FF 0 0 0 0 0 2D
1EB | 2 | 0 3B
13C | 8 | 2 9 0 FD 0 40 4 36
191 | 8 | 1 0 0 A9 A9 1 7F 3C
19B | 5 | 0 0 0 0 21
158 | 8 | 0 0 0 0 0 0 0 37
156 | 6 | 0 7C 0 0 7 20
17C | 8 | 0 0 0 0 30 0 0 1
1A6 | 8 | 6 0 C0 25 95 0 0 A6
1EB | 2 | 0 E
156 | 6 | 0 7C 0 0 7 3F
13C | 8 | 2 9 0 FD 0 40 4 18
91 | 8 | 80 65 88 1 FA 0 0 1
1FB | 1 | 2B
13C | 8 | 2 9 0 FD 0 40 4 9
156 | 6 | 0 7C 0 0 7 2
18E | 3 | 8 0 72
1A6 | 8 | 6 0 C0 25 95 0 0 B5
1B0 | 7 | 0 F 0 0 0 1 48
1EB | 2 | 0 1D
13C | 8 | 2 9 0 FD 0 40 4 36
191 | 8 | 1 0 0 A9 A9 1 7F 3C
19B | 5 | 0 0 0 0 21
13C | 8 | 2 9 0 FD 0 40 4 27
156 | 6 | 0 7C 0 0 7 20
18E | 3 | 8 0 54
40C | 8 | A5 18 FC 2E 16 BA 32 22
1D0 | 8 | 0 0 0 0 0 0 0 A
156 | 6 | 0 7C 0 0 7 3F
13C | 8 | 2 9 0 FD 0 40 4 18
91 | 8 | 80 65 88 1 FB 0 0 0
1FB | 1 | D
305 | 7 | 80 D4 0 0 0 0 34
13C | 8 | 2 9 0 FD 0 40 4 27
1DC | 4 | 42 0 0 35
19B | 5 | 0 0 0 0 12
1EB | 2 | 0 3B
156 | 6 | 0 7C 0 0 7 11
13C | 8 | 2 9 0 FD 0 40 4 36
91 | 8 | 80 65 88 1 FB 0 0 2E
1FB | 1 | 1C
13C | 8 | 2 9 0 FD 0 40 4 9
156 | 6 | 0 7C 0 0 7 20
17C | 8 | 0 0 0 0 30 0 0 1
1A6 | 8 | 6 0 C0 25 95 0 0 A6
39 | 3 | 0 0 2A
156 | 6 | 0 7C 0 0 7 3F
13C | 8 | 2 9 0 FD 0 40 4 18
91 | 8 | 80 65 88 1 FB 0 0 0
1FB | 1 | 2B
13C | 8 | 2 9 0 FD 0 40 4 9
156 | 6 | 0 7C 0 0 7 2
18E | 3 | 8 0 72
1A6 | 8 | 6 0 C0 25 95 0 0 B5
1D0 | 8 | 0 0 0 0 0 0 0 A
156 | 6 | 0 7C 0 0 7 11
13C | 8 | 2 9 0 FD 0 40 4 36
91 | 8 | 80 65 88 1 FB 0 0 2E
1FB | 1 | 3A
13C | 8 | 2 9 0 FD 0 40 4 27
156 | 6 | 0 7C 0 0 7 20
18E | 3 | 8 0 54
91 | 8 | 80 65 88 1 FB 0 0 3D
1EA | 8 | 0 0 0 0 0 0 0 1E
156 | 6 | 0 7C 0 0 7 3F
13C | 8 | 2 9 0 FD 0 40 4 18
91 | 8 | 80 65 88 1 FB 0 0 0
1FB | 1 | D
156 | 6 | 0 7C 0 0 7 2
13C | 8 | 2 9 0 FD 0 40 4 27
191 | 8 | 1 0 0 A9 A9 1 7F 2D
91 | 8 | 80 65 88 1 FB 0 0 1F
374 | 7 | 3C 60 0 2C 0 0 16
13C | 8 | 2 9 0 FD 0 40 4 36
91 | 8 | 80 65 88 1 FA 0 0 2F
1FB | 1 | 1C
13C | 8 | 2 9 0 FD 0 40 4 9
305 | 7 | 80 D4 0 0 0 0 7
17C | 8 | 0 0 0 0 30 0 0 1
1A4 | 8 | 0 65 0 0 0 0 0 3B
1EB | 2 | 0 E
156 | 6 | 0 7C 0 0 7 3F
13C | 8 | 2 9 0 FD 0 40 4 18
91 | 8 | 80 65 88 1 FA 0 0 1
1FB | 1 | 2B
156 | 6 | 0 7C 0 0 7 20
156 | 6 | 0 7C 0 0 7 2
158 | 8 | 0 0 0 0 0 0 0 28
1A6 | 8 | 6 0 C0 25 95 0 0 B5
1EA | 8 | 0 0 0 0 0 0 0 F
156 | 6 | 0 7C 0 0 7 11
13C | 8 | 2 9 0 FD 0 40 4 36
91 | 8 | 80 65 88 1 FA 0 0 2F
1FB | 1 | 3A
156 | 6 | 0 7C 0 0 7 20
13C | 8 | 2 9 0 FD 0 40 4 9
1DC | 4 | 42 0 0 26
91 | 8 | 80 65 88 1 FA 0 0 3E
1EB | 2 | 0 2C
156 | 6 | 0 7C 0 0 7 3F
13C | 8 | 2 9 0 FD 0 40 4 18
91 | 8 | 80 65 88 1 FA 0 0 1
1FB | 1 | D
13C | 8 | 2 9 0 FD 0 40 4 27
156 | 6 | 0 7C 0 0 7 2
18E | 3 | 8 0 72
1A4 | 8 | 0 65 0 0 0 0 0 2C
1EA | 8 | 0 0 0 0 0 0 0 2D
156 | 6 | 0 7C 0 0 7 11
13C | 8 | 2 9 0 FD 0 40 4 36
91 | 8 | 80 65 88 1 FA 0 0 2F
1FB | 1 | 1C
13C | 8 | 2 9 0 FD 0 40 4 27
156 | 6 | 0 7C 0 0 7 20
1DC | 4 | 42 0 0 8
91 | 8 | 80 65 88 1 FA 0 0 3E
39 | 3 | 0 0 2A
156 | 6 | 0 7C 0 0 7 3F
13C | 8 | 2 9 0 FD 0 40 4 18
91 | 8 | 80 65 88 1 FA 0 0 1
1FB | 1 | 2B
13C | 8 | 2 9 0 FD 0 40 4 9
305 | 7 | 80 D4 0 0 0 0 16
191 | 8 | 1 0 0 A9 A9 1 7F 2D
221 | 3 | 0 0 A9
1EB | 2 | 0 1D
156 | 6 | 0 7C 0 0 7 11
13C | 8 | 2 9 0 FD 0 40 4 36
91 | 8 | 80 65 88 1 FA 0 0 2F
1FB | 1 | 3A
156 | 6 | 0 7C 0 0 7 2
156 | 6 | 0 7C 0 0 7 20
13C | 8 | 2 9 0 FD 0 40 4 9
1A6 | 8 | 6 0 C0 25 95 0 0 88
1EA | 8 | 0 0 0 0 0 0 0 1E
156 | 6 | 0 7C 0 0 7 3F
13C | 8 | 2 9 0 FD 0 40 4 18
91 | 8 | 80 65 88 1 FA 0 0 1
1FB | 1 | D
158 | 8 | 0 0 0 0 0 0 0 A
156 | 6 | 0 7C 0 0 7 2
191 | 8 | 1 0 0 A9 A9 1 7F 2D
221 | 3 | 0 0 B8
1EB | 2 | 0 3B
156 | 6 | 0 7C 0 0 7 11